13
6234
2184
2185
2186
2187
2188
2189
2190
2191
2192
2193
2194
2195
2196
10416
10417
10418
10419
10420
10421
10449
10450
10451
10452
10453
2272
2273
2274
2275
2276
2277
2278
2279
2280
2281
2282
2283
2284
247
2296
2297
2303
10503
264
10504
10512
10513
10514
10515
2324
2325
2326
2327
2328
2329
2330
283
284
285
286
287
288
289
290
291
292
293
294
295
296
297
298
2340
2339
10544
2355
2356
2357
2358
2367
2368
7800
7801
357
366
367
368
369
10625
4492
4494
6553
2484
2485
2486
2487
2489
2490
2495
2496
2497
2498
10692
2501
10693
2538
2542
2543
529
530
2587
2588
2589
2590
2591
2592
2593
2594
2595
2596
2597
2598
2599
593
594
10894
10895
10975
10977
10978
10979
10980
10981
9524
9015
9016
9529
11083
9530
11085
9531
9532
9534
11127
11128
11129
11130
11131
11132
9539
9540
11144
11145
11146
11183
11184
11185
11186
11191
9144
9145
11196
11197
7106
7107
7108
7109
7110
7111
7112
7113
7114
7115
7140
7141
7142
7143
7144
7145
5117
5118
5119
5120
5121
5122
5123
5124
7183
7184
7185
9235
9236
9237
9254
9255
9256
9257
9258
9259
9260
9261
9262
9281
9282
9283
9284
9285
17517
17518
17519
17663
17664
17665
17666
17667
9476
9477
1286
1287
17668
17670
17671
17672
5390
5421
5422
5423
5424
11569
5426
9522
5425
9521
9523
9527
9528
17721
17722
17723
17724
17725
17726
17727
17728
11585
17730
17731
9533
17733
17734
17735
9535
9537
9538
9541
9542
9543
9545
9546
9549
9544
9555
9556
9557
9558
9560
7515
7516
9579
9580
9582
9583
9584
9585
9586
9587
9592
7545
9593
7547
7548
7549
7550
7551
7552
7553
7554
7555
7556
7557
7558
7559
7560
7561
7562
7563
9612
9613
9618
9619
9620
9621
9622
9627
9631
9632
9633
9634
9635
9658
9678
9679
2331
9680
9681
2332
2333
2334
2335
9700
2336
2337
2338
9716
9718
9719
7681
9730
3589
3590
3596
3597